115.1677 214.5759 300.3780 382.6455
67.5771 157.5573 212.5464 297.2159
105.2347 137.8929 234.9333 258.8788
221.8435 276.3294 442.4440 488.0727
244.6821 294.7507 524.1165 574.3974
101.9360 133.0740 207.3262 231.2297
127.8128 86.3346 252.4380 200.0055
205.2447 162.1157 350.0872 307.4579
85.7271 96.4804 189.1505 203.1897
607.8998 205.9219 912.7670 507.6011
120.1621 233.6430 312.1500 413.9285
476.1084 199.5081 735.5828 454.1685
197.1372 164.8410 438.5201 410.4197
72.2306 168.5102 224.6095 309.3767
223.4249 132.2859 338.3309 248.9811
135.2994 161.0423 273.3140 291.8817
65.9873 135.6604 228.0627 299.6431
229.3023 114.8691 363.2170 242.0736
79.3927 145.2017 224.3451 281.8011
113.6052 172.6378 251.6143 304.8763
449.5950 278.3362 843.6642 675.5642
337.7321 211.3393 681.5926 546.7018
572.2164 247.3374 874.5401 544.8216
105.9627 82.3694 212.0265 183.6327
78.7826 138.0745 226.5729 290.1372
321.3081 234.9410 677.8649 561.8343
98.5658 111.5809 218.9810 225.5945
86.2395 186.8531 270.7382 371.8854
117.4788 102.3900 225.9209 212.8933
158.5629 105.6374 276.9952 220.3034
97.5057 122.1222 212.2756 238.4629
107.6468 144.0881 239.6757 273.3699
246.8528 55.1892 336.5687 141.7762
138.6872 104.4705 284.4909 254.6233
141.6409 112.8351 252.0270 225.8791
545.9232 471.6606 1138.3799 1107.7379
125.9203 153.5060 275.9856 294.5781
571.9921 420.6320 1019.5409 837.8236
102.8555 204.5693 271.8895 360.8760
637.7093 845.3965 1495.8488 1682.3260
641.1977 769.4448 1451.1558 1521.5595
275.8307 139.4354 416.3374 272.5265
122.7352 96.7079 275.8645 262.3279
110.2931 180.8724 288.8077 359.1305
220.4272 168.9651 394.0865 337.8510
89.9854 260.5586 342.3183 505.6832
199.8780 267.2189 455.4293 499.1121
158.2304 107.0499 275.4764 221.0729
122.2943 252.2648 365.3931 490.9820
98.9778 126.3576 225.9640 231.4245
567.2199 114.0496 702.2569 240.9296
114.1354 100.3402 220.9062 200.7581
140.9280 142.2694 273.0691 275.6765
116.1731 166.2323 286.4977 333.7828
81.2259 106.9963 212.9616 238.3226
186.3176 164.8830 373.3471 344.8039
91.1456 151.0434 238.0499 297.9070
117.1660 82.2834 260.1429 192.1828
27.9805 129.8641 168.8780 274.6617
87.8809 127.0555 240.0387 298.0570
74.4675 136.3516 221.7772 272.3188
140.5560 150.4777 319.2004 329.1060
429.3338 453.6966 935.2496 949.2186
90.2316 129.0411 270.9119 319.7503
101.4838 122.1336 240.2832 253.8992
51.1021 198.0750 219.8952 358.0521
119.0438 113.5146 211.9367 203.7022
124.3834 125.4999 248.5783 249.5105
202.7543 160.7315 376.3149 336.5524
225.6456 142.4563 375.1137 295.0172
121.0211 114.3225 264.7765 245.8999
208.0494 91.0258 337.0529 216.4959
151.7697 93.5238 277.2627 224.9501
211.3064 279.0014 387.8617 457.8417
146.6455 137.7207 258.5403 237.4357
173.9523 115.1204 292.0474 234.9833
314.7410 81.5776 436.1766 191.0117
133.5081 141.2886 307.9342 294.1664
129.9253 191.8882 336.0942 400.4719
47.8532 153.9233 183.4100 287.9337
116.0874 204.5618 357.3510 432.0697
140.7817 273.0538 498.7291 669.7166
123.0883 191.7485 324.4034 375.4443
89.7411 81.0695 188.1197 168.1726
126.6433 95.8391 223.6889 189.2969
276.6699 68.8488 399.6234 189.8089
50.5574 91.7040 155.6154 197.1511
93.1971 216.0646 355.8827 455.9773
198.8497 107.5349 320.4272 208.6837
77.5149 114.0572 185.2709 210.4464
187.7847 102.8866 327.5741 238.1987
123.5772 228.3245 284.9172 395.6669
93.1292 95.5740 219.9406 225.5934
118.5537 99.3372 251.5676 234.4403
221.1631 119.1974 330.6615 226.6010
184.7524 107.5050 286.5500 214.6029
102.6189 88.2809 229.9016 230.4458
93.3074 80.7698 183.8259 173.0079
126.7643 99.3765 249.8391 224.4326
326.7070 86.8507 427.8927 170.5452
107.6324 192.2970 290.7569 380.8630
118.1736 110.9265 289.0254 292.6681
118.4843 159.8772 226.4083 257.1573
110.0649 177.2467 265.2267 329.3800
69.2019 192.9725 194.4015 325.7136
309.6451 655.9237 712.2223 1031.0128
189.7998 107.6000 311.4758 216.1698
146.7430 139.2431 274.5664 263.4991
189.7519 78.9348 306.7872 195.6947
38.0625 123.7819 142.7987 230.2965
71.7390 142.7978 241.9152 299.5422
154.6507 103.6250 335.1399 264.0141
79.2989 115.8359 344.8208 385.5518
68.2750 114.7904 346.2679 388.3324
169.4864 231.9363 438.8687 479.7940
256.3316 256.2335 493.1262 493.1176
169.4554 84.1178 306.7719 205.0254
182.4364 75.8814 285.5864 175.5615
239.8249 37.1000 366.3519 165.5161
160.4394 94.3079 316.5451 249.2304
119.0726 281.8249 355.2235 525.7118
236.9191 130.1286 383.2368 275.8852
107.9198 151.2136 275.3900 297.3595
70.4297 114.0637 263.0539 338.8974
134.3250 71.9849 266.5796 200.6802
350.6211 137.6279 480.4344 262.1716
106.0109 141.4298 301.0892 307.9272
192.8546 77.3061 346.3858 255.1829
65.9787 109.4204 166.0336 201.7302
19.8660 156.0546 151.0076 284.3096
94.4326 36.2872 191.9878 132.1162
139.1623 103.2064 266.0324 224.7439
410.8926 154.4378 579.2329 316.3616
233.0449 138.9953 359.2051 255.7468
70.3004 166.1852 272.2515 357.1173
129.1478 250.1158 376.7200 480.6476
207.0614 89.0160 329.9859 205.9644
159.9120 92.6008 361.5079 290.4080
77.7396 128.0752 224.4414 267.0684
154.3335 117.2364 279.9572 230.7642
104.9295 98.9986 209.6301 201.0109
277.1853 53.5775 436.2341 208.8822
72.0456 71.8978 236.3349 234.0734
142.8697 150.5884 250.9519 252.1356
86.5826 128.7216 247.8762 285.2761
36.1460 147.7501 191.3803 294.2083
80.0752 174.9691 316.7856 402.9579
80.4608 162.1224 279.9712 352.0912
432.7630 625.6132 844.0086 1021.6765
185.5533 190.4615 307.6376 304.4494
159.8346 132.5372 288.6746 258.1922
242.0276 112.6923 366.0702 226.0738
249.7539 97.1425 375.9158 217.3219
67.4909 99.9621 218.7727 244.6096
238.0079 192.8000 513.9562 480.9767
105.4299 160.8720 229.6786 276.7700
65.1131 118.1885 182.2642 231.8592
329.2440 111.7815 459.5383 239.5107
797.5536 278.1212 1263.5188 737.8127
258.0547 54.3618 404.7589 197.1554
162.2935 118.1732 295.9936 242.5930
265.4654 93.9267 392.8894 224.0368
101.6768 156.2642 236.6074 279.3911
803.7046 511.4957 1020.0946 729.2782
343.3902 542.9305 785.9335 1000.8081
229.9529 86.1763 352.9427 204.2183
187.4204 171.0421 361.5119 340.0625
237.9881 88.4258 432.9023 274.9995
85.0157 58.8154 203.7689 180.4471
153.6876 50.0471 315.4176 212.5530
88.9208 55.1598 206.2191 169.7621
155.6187 181.8656 286.2150 315.8909
339.4082 357.8334 566.4197 570.0223
324.9514 90.2986 432.9698 200.7140
261.7427 157.2643 429.4512 305.3893
190.3377 150.6277 367.8672 327.5499
89.4323 126.9227 250.7628 285.7976
344.6324 251.7249 541.6725 450.8079
18.0389 101.9529 207.5109 295.4523
53.2934 55.4922 339.2714 326.7160
101.1152 122.8629 212.3705 237.1821
227.3833 97.9361 340.0105 206.1103
120.3086 183.9785 320.3720 361.6324
69.8141 274.1844 391.6731 580.5980
62.9866 98.4812 178.5796 214.8056
110.7034 61.3526 350.1360 276.4827
373.3148 114.8804 532.3183 274.3598
283.0476 505.9980 1139.8682 1318.9438
132.9441 91.9289 241.9878 197.8480
170.2342 151.2602 488.5994 452.0000
206.7843 94.6315 313.6432 202.5855
264.1790 139.2368 377.2349 251.0148
338.1477 120.6560 504.9439 281.0587
153.1419 177.0548 331.3164 350.3433
242.9823 83.6149 378.3334 224.9572
136.8952 158.1766 268.7778 286.7890
161.8954 216.1752 399.8941 442.1698
280.5489 134.5167 462.7309 320.7915
216.1544 141.4317 398.3118 339.4146
227.8939 149.0594 476.4094 385.2883
96.7823 174.7709 238.2026 313.6471
153.9715 205.9897 342.3611 395.7294
128.9603 142.6681 240.4331 243.6564
129.1192 152.0735 267.3322 280.9880
54.7664 234.9260 156.8379 328.9769
50.6012 195.8318 326.0697 446.9321
201.6407 77.9750 325.2226 216.2811
91.0615 149.2840 245.5658 302.8130
209.2986 105.9562 331.4819 229.9910
248.1288 122.0752 380.3122 248.1084
86.8726 117.8444 211.5952 231.6897
232.6088 133.1117 440.0302 328.0795
351.9097 149.8767 525.9252 328.7238
105.2275 55.5561 220.9767 167.1696
176.6072 63.5204 270.9098 157.1691
420.6844 244.4636 633.3421 459.0260
86.0887 152.0772 271.2020 331.5471
133.3584 280.7780 410.8848 535.2594
189.4890 294.3730 429.2104 557.0922
243.2799 258.7399 456.5060 475.7516
171.3574 250.7929 398.4987 474.9674
111.6460 88.0698 210.9199 186.2168
183.2615 81.1579 389.2732 281.0947
447.3479 232.2338 700.9426 482.1050
159.0062 143.9538 368.1574 347.4266
144.5281 117.2500 337.0671 299.8960
26.4342 166.7050 184.7314 326.3675
28.1832 167.1873 175.9744 326.1217
90.2101 91.0580 273.5346 272.9479
140.5122 65.1954 280.5304 212.5500
227.8579 110.9132 414.7591 311.8686
153.7155 124.1703 288.4355 238.6560
560.3447 312.8373 973.5549 744.2311
84.2781 136.7647 230.3061 296.8364
148.3298 189.1635 370.1626 426.2789
45.7619 64.7082 231.2288 230.4417
201.6562 40.8963 323.9773 157.2122
150.3254 73.5301 331.8021 257.1656
113.3358 167.0112 293.5201 373.8866
44.3624 87.6990 218.7308 262.4678
82.9791 107.9773 203.7528 219.5703
97.4165 133.2839 298.7266 330.0566
64.5258 130.1816 255.8590 334.0740
121.3645 69.2104 237.2799 173.0159
51.6136 84.5619 195.5721 240.2797
137.6654 117.4805 227.1721 221.0166
99.6567 150.1697 278.2203 340.2668
44.6400 46.0309 143.9277 149.0669
146.8355 105.7619 367.2048 301.9569
251.5941 143.4138 634.1204 502.1337
180.2236 263.3575 511.0656 601.8013
122.5627 217.0855 500.6789 598.6150
61.1816 116.3456 213.1849 259.9004
158.2446 200.0159 312.7135 355.0918
147.7639 159.0494 292.3718 303.7545
108.8378 93.9464 232.3569 205.4768
168.0611 113.1381 315.5348 242.1452
151.4430 137.5351 283.9326 264.0111
257.7854 140.4371 462.6685 348.4058
9.5155 545.1505 132.5867 658.9930
131.3420 154.5654 274.7594 293.9532
151.0136 92.0977 258.7049 199.3430
198.4506 41.0516 351.0953 183.6689
72.8139 125.8463 210.9059 268.7356
207.6975 118.0428 321.7116 225.7659
234.7389 160.5321 416.9349 333.4365
125.6856 195.7156 326.4849 389.1988
174.1755 156.2018 323.8627 294.0705
134.9303 99.5401 289.0192 267.8296
28.4295 179.7104 187.3737 330.0608
83.1472 95.7296 208.1650 219.6741
104.7144 119.9369 254.5254 267.1387
84.4200 126.4210 266.1594 310.3074
21.8768 71.1200 151.5709 201.2395
148.1746 115.7708 283.6309 258.6210
154.8105 202.2245 312.3505 366.5402
155.3735 133.3400 289.5529 262.8077
357.7546 79.0423 478.7345 207.3611
208.3119 80.6191 286.2593 164.0630
196.9740 426.3960 368.6190 606.1961
224.9300 158.4192 429.2376 356.6593
182.0903 79.1350 370.8670 262.3602
134.2207 91.5495 241.7385 194.8335
187.7500 108.8246 361.0060 293.6190
210.5516 265.9276 411.2079 473.6706
259.1286 115.2105 351.8523 215.9919
123.6701 96.8515 286.3043 274.1265
177.3977 131.8295 320.1587 263.9648
156.3864 130.9112 305.0249 289.7042
128.5205 58.4444 370.4692 309.7678
215.2313 171.3233 430.3959 394.3749
142.5340 179.3792 276.8219 315.7409
163.8675 63.2726 286.0954 201.1528
104.0572 95.5181 340.2286 327.0861
96.0052 100.2874 225.5044 224.4569
229.2355 97.1074 389.2577 256.8735
126.8325 140.0444 261.6377 251.6425
469.9012 69.4878 650.2267 266.4938
153.1355 135.3595 303.5609 292.9414
729.0973 1626.1187 1194.4862 2088.6971
117.2930 141.9400 333.8374 363.1413
259.4270 112.3186 423.3381 292.5787
355.9170 97.4585 450.0676 201.6378
120.3980 56.5054 273.8208 253.5872
97.8526 254.2184 364.0379 511.6432
125.9010 68.8413 235.6042 182.5189
67.1855 118.2784 206.2212 257.0004
109.0057 99.3346 235.9577 240.3080
561.8987 825.5522 1469.1395 1775.4466
136.1243 105.5823 264.1002 241.2955
138.7311 194.4226 368.6022 440.4738
97.4389 137.5596 263.2175 313.6987
122.7315 115.2409 256.0830 261.0383
74.9332 182.0430 257.6174 374.1283
372.3322 62.0405 591.5153 296.8018
191.2566 58.2703 295.0754 161.1059
171.2223 64.7514 355.9956 269.0969
212.3341 111.0715 356.8896 263.8301
263.2257 102.1534 410.1565 268.8785
153.8609 88.0151 292.8617 226.6451
64.2731 135.1189 217.9420 283.7136
34.2930 114.8016 220.5672 311.3328
87.5663 120.1853 309.3485 384.0141
125.6607 58.4905 233.8049 170.6328
53.0078 174.6082 206.5105 355.8577
81.5658 89.7215 190.3765 194.1038
96.4318 179.1008 305.8868 389.1562
597.3974 276.5143 688.8313 373.7016
77.9647 227.8738 292.8581 445.3315
81.1695 169.2707 270.6132 385.6189
98.8457 140.7309 230.7425 278.9254
163.4674 101.4112 297.3228 238.7046
124.0869 173.8060 328.2714 392.3265
155.5677 116.6451 308.1340 279.9587
340.6861 74.7625 484.0031 223.3557
230.0706 140.3734 398.8676 326.7230
220.3806 111.1490 323.8387 222.7924
111.7654 128.9844 201.2730 234.5118
126.8193 76.7529 222.1614 175.0685
169.8780 110.9504 306.2644 251.2762
86.7406 163.3735 330.9420 444.4196
167.9808 108.5119 300.4539 251.1089
61.2763 68.8347 152.0226 165.6029
134.4014 79.3922 271.8545 235.1481
85.9529 174.6887 295.8817 384.5269
63.9209 212.5541 357.3687 516.3379
339.5236 149.1554 550.8275 338.3909
97.2874 184.9425 263.5146 351.1776
248.9500 231.4201 484.4577 450.5412
104.5260 255.4803 357.4674 511.1296
67.5038 151.7911 306.2667 400.2090
146.8359 128.5821 295.9595 281.2303
177.7287 163.3733 368.2578 367.7361
65.0296 125.9397 180.7371 247.0806
83.3791 128.1811 223.9403 281.1180
212.7262 52.6091 300.7642 147.0729
97.2579 66.6186 295.7524 287.8225
155.0202 175.2489 383.3741 409.2012
106.6246 72.8895 296.0403 258.4359
122.6564 97.9022 238.8026 224.9435
151.7972 103.6972 266.0122 221.4409
9.7954 117.4442 112.9782 211.2605
66.1689 537.3680 381.2125 821.7493
51.0865 160.2635 256.1468 357.1186
103.4146 160.8461 305.9317 364.5115
115.1259 193.4577 316.2110 411.2622
128.1628 130.2690 257.1645 256.6369
129.3103 143.1661 262.8771 260.1901
118.1049 136.2541 252.8249 251.4117
123.5963 129.5675 274.0294 274.7964
116.5382 134.0919 284.0035 285.7708
94.2566 182.4691 188.4233 265.0930
954.4846 409.9848 1631.5193 1094.4094
295.7223 165.2837 636.5465 527.8496
302.1162 162.5873 430.5858 283.0682
80.1709 144.5159 243.1417 314.9697
297.4385 201.6219 490.1767 389.2110
149.1073 180.8773 384.6615 417.7434
1.0000 124.7227 190.4841 302.4266
261.1454 92.2163 371.3097 190.3486
26.9839 169.0501 234.2097 369.2610
153.0406 91.5122 263.8434 203.5041
53.8653 135.1262 217.7909 309.8763
146.6496 94.2172 236.5379 176.9593
53.8228 156.0650 257.7897 352.9329
286.1401 203.1031 503.8790 418.8569
140.6082 139.8979 328.9422 308.0851
103.6178 162.8973 310.4165 386.8557
152.5586 145.5164 288.5997 275.3403
132.8003 92.4366 268.9224 230.2206
114.6228 133.4237 349.1034 363.5706
161.0202 161.7702 286.4527 275.3914
86.9454 106.1641 206.7604 223.4889
361.5734 381.8620 902.8828 895.2297
184.8721 105.5474 292.1632 209.9228
115.3111 99.9757 223.0705 209.6157
49.5066 165.9353 172.9753 294.1687
99.3272 154.9971 272.4614 316.7032
96.6329 173.7398 276.1094 347.3652
175.5897 90.1449 323.0962 249.4927
112.4541 97.3709 234.0523 220.5277
23.5812 231.3388 122.1575 330.6098
167.4850 68.9303 307.2243 219.2340
142.1575 129.6990 237.6837 234.6412
198.1548 112.5773 441.1652 343.6460
270.9779 300.4971 465.3531 488.4083
15.0409 124.6320 175.3738 275.4073
271.9168 126.4863 492.0491 357.7131
180.8288 150.4611 488.8786 441.2777
322.9924 210.1954 576.1066 465.3549
53.3843 156.9776 259.8086 352.5415
361.6540 181.0710 592.0763 388.0743
38.9593 88.2826 180.5089 215.0643
138.2189 217.4945 366.2847 421.5983
154.4377 160.0474 270.2419 270.1045
251.4237 106.2993 426.7654 287.0083
182.0447 68.3834 303.3451 203.8333
379.0847 550.3826 898.5162 1038.4055
56.0545 108.5968 187.0444 232.7871
24.6912 166.8307 235.0830 370.0325
6.7204 213.8485 179.7193 382.7239
362.9268 310.9860 721.5555 672.4355
81.3282 74.5983 197.9652 187.4167
156.4083 87.1602 268.4120 197.1818
95.1718 188.0314 324.4297 411.4233
108.7023 211.5226 330.1493 411.9327
67.1790 164.5605 323.0682 453.9163
258.0785 140.0114 430.7465 313.5276
186.0055 103.1522 299.1646 226.9852
144.7258 171.5146 292.6800 329.6844
259.7316 60.2173 372.3530 182.3023
82.1247 125.4926 205.8010 254.2268
341.2924 55.3500 449.7523 164.0018
219.1451 82.6978 395.4456 289.9043
127.2083 120.9981 356.6279 322.1533
80.3561 179.0203 309.2588 380.6437
78.9374 135.8141 252.3733 328.9818
117.2266 128.2301 285.7820 296.3760
135.5540 82.8315 218.5946 176.2981
108.8719 93.1111 226.0376 210.6700
70.8481 61.8478 230.2873 224.4412
236.8732 127.8453 375.1920 250.7245
144.7587 77.6867 277.4071 209.9046
30.4969 136.5270 182.4903 287.6915
5.7328 244.4258 215.3558 446.6770
193.7839 84.1802 308.3900 182.3937
182.4229 114.9975 466.3717 376.0595
242.8460 95.7178 379.4430 236.8907
148.6716 78.7175 329.4967 274.0283
99.3287 111.3815 242.5168 260.6834
191.8294 160.2765 298.8005 273.7351
163.5869 164.6254 373.0188 387.4120
276.7589 23.3597 479.7628 249.6047
207.9667 104.9583 390.4830 285.5915
112.8775 211.8676 472.7610 580.1088
214.0698 203.3191 318.8744 312.7542
48.4625 451.5466 140.9756 546.5974
88.8695 101.7061 208.7417 216.5201
20.0340 269.9464 114.0581 373.9479
14.9614 278.8663 499.5662 752.3468
257.3521 64.2374 347.9303 168.3956
174.0265 155.0370 335.3465 308.0781
193.6473 54.6776 346.0000 238.0000
187.6556 100.0827 354.0034 271.8908
93.5071 140.5387 310.8790 368.9387
114.1383 179.1140 333.1286 428.8099
103.0227 113.8400 312.8271 349.6432
253.8912 203.3146 469.8315 409.7035
160.7254 73.9899 248.7042 176.8832
175.9848 95.5148 279.6278 207.2303
176.8565 101.3032 366.4499 284.3302
133.7774 124.7938 392.4152 375.9683
129.4012 117.7158 314.4233 331.4001
187.9297 247.2960 446.9473 540.3251
168.3063 277.7416 499.9488 611.7309
109.8528 110.0544 248.6754 259.7885
341.5490 169.6063 525.3316 370.5328
195.4842 27.9034 346.0000 210.0730
121.9391 150.5262 291.0504 342.0109
113.7463 159.5469 236.7083 295.5000
195.1438 90.7563 320.5232 230.1726
124.9106 199.8898 341.3375 403.3894
507.2782 479.6914 1045.8880 994.4114
114.7001 175.0138 351.7000 432.5680
150.0057 84.1190 282.1967 229.1967
137.8574 160.7383 329.0954 340.2224
97.0702 151.5066 288.6453 325.6372
130.6409 106.2189 260.8769 234.1297
87.0299 106.1712 250.6442 291.2666
118.2954 328.5243 216.2804 433.7533
132.3717 144.8302 291.5188 307.7067
114.4719 109.3703 229.3673 228.3368
145.0730 121.7081 328.2296 310.4320
72.1043 69.0977 203.3507 201.6628
137.4600 90.2680 295.3386 244.7734
66.5910 122.9277 248.7087 295.1203
63.2894 110.1282 239.6097 287.0810
87.5927 122.7145 185.3714 218.7010
89.2887 88.4664 191.6104 187.3941
136.0437 158.3956 317.2406 347.1712
67.2773 95.0685 170.6522 200.5620
138.1236 175.2912 343.4258 387.6983
130.3910 92.0695 263.1314 211.6074
303.6796 129.2649 433.5058 253.7127
152.8516 54.1610 284.7755 173.0722
75.8998 121.1372 204.3253 264.9962
49.4815 55.5078 145.3963 153.3135
548.3737 234.9086 781.3770 459.2360
64.4936 136.4708 172.2325 240.5999
2.9435 114.2349 155.8459 271.3799
320.3089 111.4134 479.5130 271.9113
182.2602 100.1229 323.7786 240.8794
498.5984 71.1712 844.4322 445.0105
118.7801 172.3372 293.7793 337.6439
159.7435 97.0087 273.3432 205.4715
359.9372 136.6365 519.9325 298.5464
150.4562 269.2255 298.1450 394.1706
176.3614 79.2497 381.6143 284.8022
232.2910 155.8172 409.6275 327.8261
98.1516 92.8405 234.6424 242.4665
214.5280 104.2214 343.4994 237.3453
94.9644 96.2973 203.8999 188.4975
98.7552 154.2858 307.6661 353.7981
114.6256 205.9876 322.1816 410.7895
2190.9455 929.3457 3113.7468 1822.5094
8.6257 276.1917 352.1632 599.6917
95.3452 148.0956 209.9330 267.5537
104.1867 57.1047 355.6265 297.9158
276.0203 84.7265 413.7931 230.7970
173.4488 128.0063 372.2979 311.5621
105.9465 94.9785 250.2649 250.0081
285.5819 37.8867 430.5897 175.7097
100.8665 160.2310 247.9442 300.8206
131.1905 82.1938 266.3246 215.5346
292.0574 93.4832 405.9933 210.5327
78.0746 112.0527 216.9803 248.0637
228.8502 126.4250 316.1471 232.9574
51.2254 79.9788 144.5853 172.6594
121.4852 120.3577 266.2323 274.6091
730.7783 305.9923 1038.1280 606.5585
232.8549 106.4407 358.5889 237.5258
128.1755 63.7939 250.0503 182.2989
69.4952 96.7276 182.0438 212.3618
190.1059 145.5190 355.9101 296.9057
137.4693 86.9497 237.7544 187.8378
80.6006 114.3571 221.5161 246.6329
104.1090 72.3227 223.4651 206.0706
282.6245 82.9842 400.5622 207.1499
252.6809 38.3713 378.4912 159.4430
131.0649 133.6210 337.2356 331.1932
352.7225 109.3118 487.7199 248.5145
142.4628 133.3909 280.8397 275.9787
123.7332 148.5433 217.6163 252.1315
180.5465 81.3879 307.8095 204.1030
296.0137 47.8409 457.4753 202.9119
112.2961 129.7974 220.3069 238.9743
91.3875 159.2945 291.0074 341.6322
1.5044 366.6570 98.6360 475.7212
98.5559 51.0042 267.6919 222.0780
231.2839 89.3976 363.9898 215.4858
193.7715 178.3138 365.6864 336.2057
145.1659 70.9501 247.2206 177.3235
256.7351 133.5399 426.4216 334.3726
331.3715 102.3290 592.0477 353.5907
127.7410 198.8556 343.1058 423.3139
194.7522 225.5151 494.1058 511.0176
126.1249 152.6728 283.9786 300.3261
105.9672 172.3077 212.3226 276.8535
142.5184 178.4565 264.1216 299.6368
136.4715 61.6193 230.3021 167.2616
77.2171 121.4468 244.9741 282.7481
81.4365 66.2895 197.4099 166.5052
439.2688 124.5567 596.4885 279.8831
3.1151 349.7110 103.0869 458.2798
120.0418 157.5488 311.0908 347.6961
205.5246 131.3076 471.0260 409.7769
168.1625 143.4853 397.8802 364.8354
92.1559 151.2130 212.4012 267.4122
1.0101 327.4878 87.9910 425.1309
2.9625 348.3813 101.0291 453.0483
246.8013 197.8941 435.8200 385.8912
309.3978 59.2583 472.0003 218.4312
156.4798 107.8903 270.9922 225.8235
194.9571 131.5506 346.0232 272.3089
68.3647 172.1646 260.1301 340.0785
148.1783 80.9556 276.9636 212.7450
1.0000 454.9862 127.6977 589.8226
142.6689 114.5281 300.1822 279.3323
2.0604 349.3512 99.5740 453.2884
238.5395 158.1646 484.7851 419.9703
7.5029 469.5205 130.4951 609.6894
356.3217 148.7143 446.4300 236.5956
66.5067 87.5568 441.0291 467.6901
152.9560 104.7390 264.4292 208.5850
1.9145 313.7415 84.6153 409.3221
64.1304 177.7040 256.6437 367.0369
451.2927 198.6656 568.0054 311.5587
267.6555 211.2182 541.1650 486.9574
103.2067 72.0540 302.0917 277.4637
333.3013 95.1847 532.0116 283.9762
174.8984 88.6190 304.3094 221.5214
172.5130 164.0891 315.1426 302.9421
1.7696 313.4633 91.0951 406.2759
2.0537 378.0007 100.7203 489.4727
244.3505 99.2500 468.5502 324.6172
189.9602 149.9083 360.1433 331.2588
1.0375 303.4825 83.1276 395.2093
96.6270 146.8778 203.6365 249.5705
184.5204 112.5344 324.2303 262.8505
96.2697 118.9799 247.7303 256.1145
200.6855 128.1831 479.0237 391.9480
107.2785 103.9180 294.6069 291.0887
110.2594 208.1385 271.0071 364.1809
2.2088 365.7541 98.4153 475.4963
52.7971 146.4000 227.2031 324.7466
132.2279 90.0799 229.6668 188.3334
271.0400 115.9030 409.8194 256.7964
154.1801 94.7587 254.2834 186.4357
113.9259 151.3887 223.7840 259.5234
189.5133 203.4942 410.1643 401.5042
844.1064 516.0337 1511.1063 1132.3606
604.5176 692.2136 1311.9878 1351.9937
94.1009 97.3530 213.9201 225.4928
180.6182 58.4506 314.5410 196.5263
156.4794 105.6524 282.0737 225.3538
115.3507 84.7298 205.8067 169.1892
66.0028 134.7310 203.3568 258.3452
121.5242 90.4706 232.8663 202.1190
171.0186 104.5892 322.7454 274.7277
96.5242 103.7936 230.7588 234.5392
83.8846 90.8029 242.7432 239.9482
103.5653 174.5735 291.9999 346.7050
99.9102 116.8253 206.1300 215.0194
36.7984 140.7546 197.8261 296.6933
122.4917 133.5379 273.7248 285.7163
151.3487 74.2917 357.0116 282.6712
84.1979 107.8872 250.8289 282.1585
117.7048 62.5272 221.8154 169.2454
96.4634 98.4734 226.9949 226.8947
71.0637 120.5871 196.6392 248.0050
120.5948 134.8556 280.6549 293.8865
98.5598 110.2387 230.3541 241.2721
194.6128 206.9058 288.6178 297.5907
128.8282 172.9580 345.9318 394.0478
105.7211 137.7967 267.5432 295.8225
92.7548 102.6774 240.2710 260.5359
157.6063 169.6678 327.2640 338.7934
106.8725 223.8436 217.1720 325.1574
309.9735 202.8883 476.5516 355.8944
113.0899 97.9652 251.9781 228.1197
66.1778 52.3487 200.5987 185.7268
176.4974 123.4277 356.0302 275.1817
313.5040 241.7822 592.2738 510.1953
86.5361 146.0267 293.4975 354.4518
121.1481 130.6088 249.2980 264.7369
338.1586 178.4002 555.1232 402.7840
401.2572 332.9297 802.1042 692.6434
403.4955 343.5011 801.5808 691.7004
98.4515 195.2863 402.8673 477.3276
157.5011 171.2420 352.3300 365.6052
252.2649 200.8625 584.9564 521.1252
40.8974 121.3441 151.0664 225.4907
114.5872 102.3469 273.1468 251.7435
146.3098 181.3125 436.0946 454.5035
112.7509 205.6126 340.4549 435.2466
86.6093 112.9438 264.1872 295.9643
69.3961 110.3335 234.9118 260.8553
147.9559 127.8140 276.0618 245.2437
245.3969 153.5592 368.0008 268.3997
82.3392 106.2107 193.6488 211.1094
146.4825 163.7058 311.2688 316.3885
66.0634 119.4965 189.8463 230.0378
247.7656 55.2868 512.8081 328.8128
155.4806 81.5583 291.4068 224.8515
47.9657 134.3916 229.3870 303.0452
160.9863 131.7510 321.1757 283.3545
135.2166 175.4557 337.8818 378.3283
257.3227 117.0251 372.6198 231.9134
131.3502 98.8993 228.0264 186.4590
86.3589 40.4260 204.1581 159.6148
119.4781 109.7809 248.8729 233.0493
131.4016 68.3163 270.7844 206.7977
134.2832 280.6530 346.9807 476.6549
162.8700 203.5058 367.8011 397.2799
121.7789 71.3213 247.7696 193.8628
113.1897 155.0367 265.3915 291.9180
71.6780 162.1286 267.8901 355.8326
122.0146 86.6851 234.0609 205.7786
146.8630 110.9710 257.8041 217.8917
174.7241 82.5445 368.9496 271.0799
103.6282 35.5851 346.3877 276.9225
122.7076 137.6654 289.4222 298.7407
21.4241 187.2494 190.8093 358.4302
286.3892 224.9703 510.7872 432.7601
63.9027 121.9694 218.4002 270.2309
100.3075 102.5135 256.1395 246.5969
183.7938 135.5252 398.8580 353.3921
152.4997 129.4067 300.3507 278.4151
143.2600 80.6285 254.6095 191.3780
848.8299 541.0545 1396.9452 1043.8888
161.4273 104.4919 277.5329 210.2519
133.0503 86.3010 271.6829 231.2227
176.6449 340.1134 502.4539 648.1624
82.6257 93.3555 177.0072 179.5432
101.8490 121.4841 279.1652 287.3251
108.9682 92.7727 218.6943 199.2723
263.8725 114.7941 378.7579 234.2700
33.4311 204.0681 355.0041 511.0026
95.0754 132.6536 244.6059 283.1662
39.9626 140.1439 200.2792 285.9355
195.1798 121.3244 343.1787 253.2527
128.3433 146.5761 304.6124 332.4849
178.4144 106.8486 312.3758 238.1822
185.4603 94.5106 338.2832 259.6366
128.4531 99.4605 222.4023 191.9943
122.3920 74.7561 248.7268 193.4279
187.0400 200.2100 382.6281 385.8392
81.0492 166.2116 296.4595 384.6610
95.6107 159.0365 273.3445 346.8276
465.8947 188.5602 623.6516 343.3708
164.9483 93.1789 281.3886 211.6418
47.4936 106.8937 273.3374 339.3665
18.5475 184.1030 197.6200 357.2397
387.5674 174.4285 576.2241 357.6758
96.8467 110.8269 238.8715 256.0113
166.0214 139.7452 292.8549 256.4295
68.8046 195.9677 326.5590 459.4240
91.6232 209.0847 232.9022 357.0673
256.4472 171.3460 415.8814 320.2170
210.9478 138.4504 395.9020 320.2189
91.3076 175.3057 263.4918 328.6144
147.5479 126.3458 308.7235 274.3337
39.3831 154.5387 171.9056 290.4608
53.6611 225.2401 226.2218 379.9856
158.6820 129.6799 364.7127 341.1033
156.0863 43.1655 303.6574 190.9833
108.7093 171.5798 276.0369 328.5500
263.4295 117.7131 394.5543 224.5826
266.8583 532.6938 611.8560 879.0259
177.1651 136.2298 318.8412 281.7902
457.4503 225.3481 637.7149 413.5187
605.0245 91.6431 754.7092 243.2240
287.5653 73.1958 495.8056 319.9898
150.9124 175.0129 411.2550 417.4017
63.4487 130.5040 248.1368 305.7218
71.7775 154.4178 193.9668 272.1322
137.1357 74.8956 363.8397 296.7805
107.0164 117.0797 217.4537 231.9431
77.1836 78.8503 191.9158 191.7183
190.9782 52.7197 307.2698 171.4688
86.7416 87.4589 216.8918 217.9951
113.7215 98.7819 250.5998 236.5042
85.2985 105.7486 315.9962 314.1899
101.2518 195.5204 296.3493 397.9715
125.6717 167.8376 300.7153 344.4611
110.2547 118.9306 253.8202 275.7983
95.7733 195.0598 314.2492 407.1531
110.7583 93.0122 235.2072 215.8546
93.2167 137.0652 236.9071 277.7536
157.1193 60.3891 328.8105 237.5128
110.1186 133.1758 250.3624 273.1652
297.5316 145.4881 495.3129 351.8071
153.8728 90.9520 261.4642 197.5710
39.1643 68.7740 170.0707 195.2565
120.6633 71.0161 246.2362 198.7682
78.7550 120.7721 211.3167 248.8804
67.3498 111.9674 236.9523 285.1151
55.3858 94.4656 161.6282 204.8664
192.3359 106.7429 375.5616 295.7805
97.3771 136.3944 255.9454 290.9835
178.4727 75.9526 274.1045 174.7576
60.4526 171.2727 294.6004 423.2792
76.4960 175.6963 294.2117 389.1389
180.0823 100.7514 291.4286 214.8956
171.1702 74.5820 325.2237 216.5398
90.1555 68.9891 322.0110 304.7576
175.3823 82.7941 336.9916 247.6193
50.9130 111.1603 326.5153 407.0991
85.6277 169.7742 279.4945 358.3414
207.7492 85.2255 390.5387 281.4694
37.5101 122.9452 143.2181 227.1208
238.8418 113.8080 375.9850 249.6346
385.1629 173.2515 631.7063 432.8841
62.2490 105.6720 222.5474 265.8744
160.0309 95.4693 264.8109 201.4249
300.4638 88.8048 454.8219 246.2018
82.8843 144.2324 303.3374 362.8497
117.2195 280.4842 479.0438 631.6132
70.6391 119.6680 191.4316 240.7076
98.0886 96.0806 192.8854 190.3618
109.9196 122.1146 238.1712 240.8100
201.9321 142.3340 445.9986 396.6822
152.5770 108.3064 313.1019 271.4011
51.6192 75.9880 154.8497 170.8510
30.6011 27.8728 144.9725 136.2779
90.1679 135.5714 236.8015 279.8911
230.2899 204.4028 456.3225 416.6303
90.1679 136.2986 236.1473 281.0997
98.4048 161.1842 280.7628 342.6642
113.7684 180.8401 298.4754 365.9313
403.2593 125.0741 562.3548 264.5143
246.8440 143.2121 425.8384 325.8943
67.8902 101.6099 301.0132 339.4050
77.1303 141.2798 235.4699 286.9616
59.8452 138.1471 204.3231 272.8406
101.5399 161.8739 268.4327 316.1485
670.3905 215.3696 892.2869 437.3740
60.0057 163.6120 233.8967 336.3283
75.2778 158.9326 300.1418 391.2835
108.5031 140.9711 258.6230 288.6071
109.4258 184.9841 294.0148 367.7738
